기간	자치구별	구분	합계	1월	2월	3월	4월	5월	6월	7월	8월	9월	10월	11월	12월
2018	합계	발생건수	38,795	3,192	2,973	3,072	3,219	3,454	3,253	3,321	3,203	3,144	3,500	3,243	3,221
2018	합계	사망자수	304	30	28	28	24	22	21	29	27	20	21	30	24
2018	합계	부상자수	53,751	4,490	4,178	4,288	4,375	4,795	4,452	4,588	4,528	4,335	4,752	4,499	4,471
2018	종로구	발생건수	1,134	103	84	101	93	102	96	89	90	91	113	75	97
2018	종로구	사망자수	6	-	1	-	-	1	1	-	-	1	-	1	1
2018	종로구	부상자수	1,546	133	111	149	114	143	123	128	127	133	166	100	119
2018	중구	발생건수	1,128	104	95	106	84	105	103	80	85	77	102	93	94
2018	중구	사망자수	9	1	2	1	1	1	-	-	1	-	-	1	1
2018	중구	부상자수	1,506	143	116	141	130	134	129	116	117	93	128	131	128
2018	용산구	발생건수	1,330	100	104	102	123	134	105	114	118	102	125	100	103
2018	용산구	사망자수	14	3	1	-	-	2	3	1	1	1	1	-	1
2018	용산구	부상자수	1,852	140	149	160	162	182	142	145	169	137	185	132	149
2018	성동구	발생건수	1,143	81	91	99	88	112	92	103	91	94	113	104	75
2018	성동구	사망자수	9	3	-	2	-	-	1	1	-	1	-	1	-
2018	성동구	부상자수	1,561	110	122	144	113	166	124	135	129	121	157	134	106
2018	광진구	발생건수	1,108	90	84	73	100	101	109	95	101	82	92	111	70
2018	광진구	사망자수	10	1	-	1	-	-	-	3	1	-	-	1	3
2018	광진구	부상자수	1,474	119	111	101	126	134	140	130	136	107	135	148	87
2018	동대문구	발생건수	1,699	142	131	128	135	150	146	152	135	148	151	133	148
2018	동대문구	사망자수	14	-	1	3	2	-	1	-	-	2	2	2	1
2018	동대문구	부상자수	2,160	185	162	163	166	205	184	182	185	175	184	181	188
2018	중랑구	발생건수	1,565	125	125	116	121	151	130	144	112	124	154	139	124
2018	중랑구	사망자수	10	1	1	3	-	1	-	-	2	-	-	2	-
2018	중랑구	부상자수	2,135	183	169	140	159	213	180	188	153	183	227	182	158
2018	성북구	발생건수	1,427	147	116	117	109	139	108	107	105	117	131	104	127
2018	성북구	사망자수	14	-	2	1	1	-	2	-	2	1	3	-	2
2018	성북구	부상자수	1,980	194	168	160	178	210	152	142	161	152	162	128	173
2018	강북구	발생건수	1,216	102	103	96	99	125	93	89	102	104	107	97	99
2018	강북구	사망자수	13	-	2	1	1	-	1	3	1	-	2	1	1
2018	강북구	부상자수	1,633	160	139	135	136	158	118	133	136	129	128	123	138
2018	도봉구	발생건수	824	67	61	53	63	86	78	76	77	69	82	53	59
2018	도봉구	사망자수	6	-	1	-	-	1	1	1	-	-	2	-	-
2018	도봉구	부상자수	1,061	84	76	59	84	102	90	93	102	90	109	89	83
2018	노원구	발생건수	1,569	132	125	125	141	142	126	115	111	140	128	130	154
2018	노원구	사망자수	14	2	1	1	1	-	4	2	1	-	1	1	-
2018	노원구	부상자수	2,227	176	164	217	180	193	155	178	169	218	179	172	226
2018	은평구	발생건수	1,134	79	81	73	92	90	102	101	107	112	102	94	101
2018	은평구	사망자수	12	1	1	1	1	-	-	1	1	3	1	-	2
2018	은평구	부상자수	1,580	106	146	104	119	123	133	138	149	135	136	126	165
2018	서대문구	발생건수	1,033	71	79	83	101	87	83	86	81	86	102	82	92
2018	서대문구	사망자수	5	-	1	-	2	2	-	-	-	-	-	-	-
2018	서대문구	부상자수	1,403	106	110	101	137	120	106	114	109	118	141	123	118
2018	마포구	발생건수	1,671	153	137	127	129	144	141	140	124	153	148	148	127
2018	마포구	사망자수	11	-	1	1	1	3	-	-	2	-	2	1	-
2018	마포구	부상자수	2,429	229	217	178	181	193	215	228	185	227	202	203	171
2018	양천구	발생건수	1,428	114	106	128	115	137	130	125	123	87	140	113	110
2018	양천구	사망자수	11	-	1	1	-	1	1	1	-	1	1	3	1
2018	양천구	부상자수	1,939	179	140	171	141	201	180	166	176	112	181	141	151
2018	강서구	발생건수	1,502	134	134	109	124	103	131	115	141	116	122	146	127
2018	강서구	사망자수	11	3	-	-	-	1	2	-	2	1	-	-	2
2018	강서구	부상자수	2,208	210	177	164	206	155	189	173	228	169	156	208	173
2018	구로구	발생건수	1,532	103	118	124	114	137	126	148	117	142	147	128	128
2018	구로구	사망자수	13	3	1	-	1	-	-	1	1	1	-	2	3
2018	구로구	부상자수	2,129	162	182	167	159	176	177	206	150	209	195	179	167
2018	금천구	발생건수	932	75	70	88	93	89	60	84	70	72	81	80	70
2018	금천구	사망자수	6	1	-	-	1	-	-	2	-	-	-	2	-
2018	금천구	부상자수	1,326	118	104	124	114	123	80	106	103	106	110	146	92
2018	영등포구	발생건수	2,493	222	185	193	197	196	221	195	223	221	207	220	213
2018	영등포구	사망자수	22	2	3	2	1	2	1	2	3	1	3	2	-
2018	영등포구	부상자수	3,532	316	261	274	269	277	309	283	310	325	279	313	316
2018	동작구	발생건수	1,412	92	109	89	133	125	133	110	134	122	126	113	126
2018	동작구	사망자수	9	1	2	-	3	1	1	1	-	-	-	-	-
2018	동작구	부상자수	1,892	109	148	126	179	176	179	150	169	167	174	144	171
2018	관악구	발생건수	1,300	102	108	107	113	119	100	107	115	103	106	115	105
2018	관악구	사망자수	8	1	-	2	-	-	-	-	3	1	-	-	1
2018	관악구	부상자수	1,717	130	138	139	148	155	126	148	161	144	149	144	135
2018	서초구	발생건수	2,478	229	187	227	180	203	185	208	200	210	213	223	213
2018	서초구	사망자수	18	1	2	1	1	3	-	1	1	4	-	2	2
2018	서초구	부상자수	3,640	321	297	331	246	310	271	312	296	287	313	337	319
2018	강남구	발생건수	3,459	316	249	278	283	288	288	326	301	249	297	292	292
2018	강남구	사망자수	20	1	1	3	1	-	-	2	3	2	2	2	3
2018	강남구	부상자수	4,967	456	369	393	411	404	436	427	438	356	403	447	427
2018	송파구	발생건수	2,860	224	191	212	265	266	248	288	220	202	273	236	235
2018	송파구	사망자수	27	4	2	2	4	2	2	5	2	-	1	3	-
2018	송파구	부상자수	3,932	320	266	290	365	352	336	396	309	283	364	333	318
2018	강동구	발생건수	1,418	85	100	118	124	123	119	124	120	121	138	114	132
2018	강동구	사망자수	12	1	1	2	2	1	-	2	-	-	-	3	-
2018	강동구	부상자수	1,922	101	136	157	152	190	178	171	161	159	189	135	193